43.332968,-79.778503,2016-07-02T14:29:54Z 18.81,286

43.165225,-79.05776,2016-07-02T20:14:42Z 18.52,266

43.659614,-79.390447,2016-07-02T11:09:26Z 17.67,285

43.715606,-79.345356,2017-04-23T15:30:21Z 9.58,213

43.641952,-79.374761,2016-06-04T21:56:46Z 14.6,77

43.688271,-79.362247,2016-06-04T21:20:14Z 13.18,81

43.6346010073,-79.4005500153,2016-07-02T11:21:20Z 17.53,289

43.718747,-79.352904,2016-07-16T20:32:18Z 5.84,143

43.641952,-79.374761,2017-04-23T17:21:22Z 16.32,188

43.682905,-79.365986,2017-04-23T21:20:25Z 5.04,314

43.180113,-79.331456,2016-07-02T17:53:46Z 20.17,281

43.636925,-79.446197,2016-06-04T22:47:32Z 14.34,81

43.735191,-79.354331,2016-07-17T00:04:56Z 12.21,324

43.6376006808,-79.4587731455,2017-04-23T20:24:15Z 7.31,271

43.664887,-79.393893,2016-07-02T11:07:58Z 17.73,284

43.517528,-79.618876,2016-07-02T13:02:02Z 18.19,293

43.747194,-79.391819,2017-02-23T16:07:54Z 22.39,292

43.6320269922,-79.4345597688,2017-04-23T20:30:11Z 8.06,261

43.073899,-79.077328,2016-07-02T21:27:14Z 15.85,262

43.708191,-79.336981,2016-06-04T21:07:54Z 12.83,82

43.449485,-80.591636,2016-09-24T14:41:47Z 7.82,46

43.666238,-79.357394,2017-04-23T21:14:53Z 4.38,311

43.674521,-79.396541,2016-07-02T11:05:08Z 17.82,283

43.517469,-79.61873,2016-07-02T13:02:05Z 18.19,293

43.497217,-79.612965,2016-07-02T13:11:51Z 17.72,292

43.688358,-79.36179,2017-04-23T21:23:46Z 5.02,314

43.653768,-79.351199,2016-07-16T23:27:29Z 1.87,109

43.715606,-79.345356,2016-07-16T20:34:32Z 6.23,142

43.636103,-79.464828,2017-04-23T20:22:58Z 7.21,272

43.791139,-79.384717,2017-02-23T14:23:40Z 25.27,264

43.751357,-79.370705,2016-06-26T14:43:03Z 20.08,194

43.634581,-79.408748,2017-04-23T20:36:42Z 9.19,254

43.718306,-79.35246,2016-06-26T14:56:57Z 19.28,195

43.725726,-79.363951,2016-06-05T00:14:47Z 6.41,29

43.600246,-79.498737,2016-07-02T12:02:27Z 19.52,299

43.688358,-79.36179,2016-06-26T16:03:44Z 21.34,200

43.720303,-79.358751,2016-06-04T23:52:00Z 11.94,96

43.655673,-79.353088,2017-04-23T21:11:41Z 4.33,311

43.79172,-79.376404,2017-02-23T14:26:12Z 25.22,264

43.6877620143,-79.3620130379,2016-06-26T15:13:54Z 22.14,198

43.435132,-79.679635,2016-07-02T13:30:19Z 17.67,291

43.64796829,-79.35490305,2016-06-04T21:32:59Z 14.13,78

43.6320269922,-79.4345597688,2016-06-04T22:50:15Z 15.02,79

43.7273716182,-79.3553153146,2016-06-26T16:41:47Z 21.82,200

43.718306,-79.35246,2016-07-16T20:32:25Z 6.23,142

43.6377805003,-79.452797989,2017-04-23T20:25:36Z 7.44,269

43.455418,-80.583888,2016-09-24T14:38:12Z 7.87,46

43.688473,-79.361732,2016-07-16T23:39:47Z 1.75,123

43.291375,-79.790602,2016-07-02T15:15:53Z 20.55,290

43.512533,-79.611021,2016-07-02T13:06:33Z 17.88,293

43.734558,-79.354367,2017-02-23T15:08:52Z 22.74,276

43.637902,-79.453876,2016-06-04T22:12:57Z 14.03,81

43.653877,-79.350726,2016-06-04T23:20:26Z 12.86,87

43.559938,-79.569906,2017-04-23T18:43:25Z 16.95,196

43.631477,-79.471766,2016-07-02T11:36:12Z 18.22,284

43.722028,-79.345829,2016-07-16T20:25:31Z 6.16,143

43.63798,-79.457269,2016-07-16T22:49:19Z 4.25,104

43.6346745267,-79.4677078163,2016-07-16T22:46:57Z 4.15,107

43.718713,-79.350697,2016-06-04T21:03:12Z 12.71,83

43.594264,-79.510626,2017-04-23T18:16:52Z 18.39,191

43.734558,-79.354367,2016-07-16T20:21:42Z 5.66,145

43.7273716182,-79.3553153146,2017-02-23T15:47:53Z 22.85,277

43.346222,-79.761689,2016-07-02T14:25:34Z 18.97,286

43.6302847881,-79.4264997169,2016-06-04T22:51:42Z 15.55,78

43.634026,-79.43841,2016-07-02T11:29:40Z 17.85,286

43.7236674875,-79.3621996231,2017-04-23T22:01:16Z 8.34,342

43.424274,-79.689726,2016-07-02T13:33:21Z 17.64,291

43.708191,-79.336981,2016-07-16T20:37:25Z 6.28,141

43.753140606,-79.3574448209,2017-02-23T14:59:40Z 25.48,261

43.633853,-79.43811,2016-07-02T11:29:35Z 17.83,286

43.737986,-79.420878,2016-07-02T10:47:17Z 13.42,262

43.630848,-79.472237,2016-06-04T22:41:34Z 13.49,83

43.754904,-79.352048,2016-07-17T00:11:44Z 12.12,323

43.783868,-79.40733,2017-02-23T14:14:34Z 25.4,264

43.73305514,-79.419522,2016-07-02T10:48:29Z 13.39,262

43.753089,-79.355189,2017-04-23T15:18:40Z 9.48,216

43.726961,-79.350923,2016-06-04T21:01:26Z 12.52,84

43.726961,-79.350923,2016-07-16T20:30:00Z 5.75,144

43.630312,-79.419825,2017-04-23T17:32:35Z 15.76,191

43.590938,-79.544395,2017-04-23T19:47:09Z 12.3,206

43.6346010073,-79.4005500153,2016-06-04T22:02:39Z 17.11,76

43.197019,-79.541364,2016-07-02T16:55:32Z 20.34,284

43.6566189677,-79.35363709,2017-04-23T21:11:54Z 4.33,311

43.594264,-79.510626,2016-07-02T12:06:09Z 19.57,299

43.718665,-79.35285,2016-07-16T20:32:19Z 5.84,143

43.636819,-79.395931,2016-07-16T23:03:21Z 1.69,77

43.647568,-79.361428,2016-06-04T21:34:02Z 14.24,77

43.653877,-79.350726,2016-06-26T15:52:47Z 21.52,197

43.682244,-79.399545,2016-07-02T11:03:19Z 17.9,282

43.6298827261,-79.4248215379,2017-04-23T20:32:23Z 8.56,257

43.610815,-79.487256,2016-07-16T22:29:22Z 4.02,111

43.791091,-79.384889,2017-02-23T14:23:37Z 25.27,264

43.634364,-79.400793,2016-06-04T22:02:46Z 17.11,76

43.7439428922,-79.3529893365,2017-04-23T15:21:02Z 9.5,214

43.7439428922,-79.3529893365,2017-02-23T15:05:00Z 22.31,276

43.707131,-79.336947,2016-06-26T16:13:57Z 21.53,200

43.61073,-79.490172,2016-07-02T11:59:12Z 18.27,284

43.708299,-79.336861,2016-06-26T16:14:20Z 21.55,200

43.6439561751,-79.3688428681,2016-07-16T23:19:39Z 1.8,93

43.318135,-79.801018,2016-07-02T14:57:03Z 18.51,284

43.702967,-79.335117,2016-07-16T20:40:29Z 6.32,141

43.459637,-80.712888,2016-09-24T15:21:40Z 6.15,93

43.632352,-79.435957,2016-07-16T22:53:45Z 4.62,97

43.726961,-79.350923,2016-06-26T14:54:25Z 19.63,194

43.470669,-80.55754,2016-09-24T16:31:32Z 3.73,97

43.253394,-79.758917,2016-07-02T15:26:04Z 20.18,287

43.66717415,-79.35734465,2016-06-04T21:26:31Z 13.44,80

43.623016,-79.478418,2016-06-04T22:39:01Z 13.33,83

43.200259,-79.550964,2016-07-02T16:53:26Z 20.39,284

43.707131,-79.336947,2016-07-16T23:49:01Z 1.85,131

43.7714590991,-79.3643739109,2016-07-17T00:21:10Z 12.49,323

43.751357,-79.370705,2017-04-23T15:15:02Z 9.45,215

43.7236674875,-79.3621996231,2016-06-26T16:36:58Z 21.79,200

43.708299,-79.336861,2017-04-23T21:35:58Z 4.86,312

43.783755,-79.407633,2017-02-23T14:14:27Z 25.4,264

43.647338,-79.361197,2016-07-16T21:08:47Z 4.88,120

43.631955,-79.4344,2017-04-23T20:30:13Z 8.08,261

43.25228,-79.123708,2016-07-02T19:07:28Z 22.05,274

43.470768,-80.53847,2016-10-02T18:59:07Z 7.23,256

43.786222,-79.399721,2017-02-23T14:16:20Z 25.35,264

43.7159441854,-79.412376756,2016-07-02T10:53:11Z 13.18,259

43.245378,-79.73856,2016-07-02T15:30:19Z 20.18,287

43.7273716182,-79.3553153146,2017-04-23T22:08:43Z 8.27,342

43.643935,-79.368955,2016-06-04T21:55:29Z 14.52,77

43.792308,-79.37639,2017-02-23T14:25:56Z 25.22,264

43.6877620143,-79.3620130379,2016-06-04T21:20:24Z 13.2,81

43.6310229667,-79.4295506333,2016-07-16T21:35:17Z 4.35,122

43.234235,-79.694825,2016-07-02T15:39:45Z 20.68,283

43.474683,-80.546682,2016-09-24T14:25:50Z 8.3,41

43.748589,-79.383017,2017-04-23T15:13:02Z 9.75,217

43.63708,-79.446087,2016-07-16T22:51:29Z 4.39,101

43.771496,-79.366296,2016-07-17T00:21:33Z 12.49,323

43.060311,-79.052587,2016-07-02T22:27:01Z 13.23,254

43.4832579129,-79.6278379004,2016-07-02T13:15:53Z 17.59,292

43.6521187086,-79.3488841707,2016-06-26T15:52:14Z 21.48,197

43.5052395333,-79.6223641746,2016-07-02T13:09:51Z 18.06,292

43.5839917045,-79.5511709712,2017-04-23T19:44:55Z 12.28,206

43.694672,-79.357256,2016-07-16T20:46:06Z 6.5,140

43.497003,-79.61307,2016-07-02T13:11:53Z 17.7,292

43.715606,-79.345356,2016-06-26T14:58:44Z 19.23,195

43.6298827261,-79.4248215379,2016-06-04T22:52:01Z 15.68,78

43.5955771486,-79.5282437399,2017-04-23T19:51:26Z 12.38,206

43.6302847881,-79.4264997169,2016-07-16T22:55:36Z 4.84,93

43.3601570036,-79.7448537871,2016-07-02T14:21:19Z 19.07,287

43.635221,-79.440978,2016-07-16T22:52:32Z 4.49,99

43.6310229667,-79.4295506333,2016-06-04T22:08:39Z 15.34,79

43.665072,-79.357092,2016-07-16T20:58:31Z 6.49,139

43.4755530953,-79.6359946579,2016-07-02T13:18:06Z 17.54,292

43.6310229667,-79.4295506333,2016-07-02T11:27:46Z 17.73,287

43.217347,-79.207641,2016-07-02T18:46:04Z 21.65,279

43.670923,-79.36106,2017-04-23T21:16:28Z 4.94,314

43.622414,-79.478949,2017-04-23T20:17:47Z 7.02,273

43.6473772489,-79.3615099602,2016-06-04T21:40:30Z 14.24,77

43.642022,-79.374301,2016-07-16T23:18:38Z 1.64,83

43.748589,-79.383017,2016-06-04T20:49:31Z 14.11,103

43.631955,-79.4344,2016-07-16T22:54:04Z 4.65,97

43.6223859833,-79.4793547333,2016-06-04T22:38:47Z 13.29,83

43.7053156458,-79.33474998,2017-04-23T21:34:29Z 4.83,311

43.698447,-79.34997,2016-07-16T23:43:21Z 1.8,128

43.654797,-79.351237,2016-06-26T15:53:01Z 21.53,197

43.718996,-79.3528,2016-07-16T20:32:14Z 5.84,143

43.718306,-79.35246,2017-04-23T15:28:38Z 9.58,213

43.728663,-79.350016,2017-02-23T15:10:28Z 22.79,276

43.559938,-79.569906,2016-07-02T12:24:54Z 19.31,298

43.636925,-79.446197,2017-04-23T20:27:04Z 7.61,267

43.639937,-79.380189,2016-06-04T23:03:40Z 13.87,80

43.6881573033,-79.3618464936,2016-06-26T16:03:38Z 21.32,200

43.470498,-80.558556,2016-09-24T14:27:53Z 8.06,44

43.6756608496,-79.3627726101,2016-06-26T15:59:35Z 21.61,198

43.617859,-79.484401,2016-07-16T21:48:34Z 4.36,128

43.75332,-79.403607,2016-06-04T20:44:54Z 14.13,104

43.7053156458,-79.33474998,2016-06-26T16:13:08Z 21.52,200

43.466834,-80.665405,2016-09-24T15:12:35Z 6.2,92

43.630848,-79.472237,2017-04-23T20:20:40Z 7.11,273

43.630342,-79.418149,2017-04-23T20:33:46Z 8.9,255

43.530596,-79.60777,2016-07-02T12:39:59Z 18.97,297

43.576313,-79.554369,2017-04-23T18:34:55Z 17.17,195

43.6514027,-79.3484839,2016-06-04T21:30:51Z 13.92,78

43.75332,-79.403607,2016-07-16T20:07:28Z 5.54,147

43.6310229667,-79.4295506333,2017-04-23T17:34:30Z 15.3,195

43.617859,-79.484401,2016-06-04T22:21:23Z 13.15,83

43.688271,-79.362247,2016-06-26T15:13:28Z 22.14,198

43.764301,-79.399771,2017-02-23T13:45:52Z 23.74,252

43.6346010073,-79.4005500153,2017-04-23T17:28:17Z 16.54,186

43.634291,-79.401657,2016-07-16T21:29:24Z 4.62,119

43.653768,-79.351199,2016-06-04T23:20:26Z 12.87,87

43.623016,-79.478418,2017-04-23T20:17:57Z 7.03,273

43.64549,-79.38307,2016-07-02T11:14:44Z 17.53,287

43.4714385065,-80.5391721163,2016-09-18T02:08:28Z 10.99,165

43.466184,-80.611136,2016-09-24T16:08:20Z 3.7,99

43.691295,-79.359735,2017-04-23T15:42:40Z 9.77,207

43.747194,-79.391819,2016-06-05T00:28:22Z 6.36,28

43.7439428922,-79.3529893365,2016-06-26T14:48:12Z 19.96,194

43.505458,-79.62258,2016-07-02T13:09:45Z 18.06,292

43.6346745267,-79.4677078163,2016-06-04T22:42:56Z 13.6,82

43.6322512245,-79.4107533061,2017-04-23T17:30:59Z 16.16,188

43.654797,-79.351237,2016-07-16T23:27:43Z 1.87,110

43.634364,-79.400793,2016-07-02T11:21:23Z 17.53,289

43.4758223126,-79.6357935944,2016-07-02T13:18:02Z 17.54,292

43.770451,-79.371328,2016-07-17T00:23:07Z 12.5,323

43.751479,-79.359713,2016-06-04T20:53:38Z 14.13,103

43.5911626741,-79.5194504131,2016-07-02T12:08:16Z 19.62,299

43.6322512245,-79.4107533061,2016-06-04T22:05:24Z 16.59,77

43.6881573033,-79.3618464936,2016-06-04T23:31:41Z 12.33,90

43.744767,-79.35393,2016-07-17T00:08:09Z 12.17,324

43.632342,-79.410612,2017-04-23T20:35:30Z 9.24,254

43.622414,-79.478949,2016-06-04T22:38:51Z 13.31,83

43.748589,-79.383017,2016-06-26T14:40:51Z 20.02,194

43.748064,-79.383895,2017-04-23T15:12:54Z 9.75,217

43.124351,-79.068786,2016-07-02T20:32:27Z 18.94,264

43.734558,-79.354367,2016-06-26T14:52:08Z 19.78,194

43.505246,-79.622332,2016-07-02T13:09:51Z 18.06,292

43.718747,-79.352904,2016-06-26T14:56:47Z 19.47,194

43.600246,-79.498737,2017-04-23T18:12:02Z 18.62,191

43.070142,-79.071749,2016-07-02T22:32:41Z 13.16,255

43.7438288983,-79.4079389982,2016-07-02T10:42:28Z 13.41,262

43.718996,-79.3528,2016-06-04T21:03:32Z 12.62,84

43.630342,-79.418149,2016-06-04T22:53:21Z 16.16,78

43.623016,-79.478418,2016-07-16T22:42:50Z 4.09,109

43.65456,-79.388294,2016-07-02T11:11:18Z 17.62,286

43.6439561751,-79.3688428681,2017-04-23T20:48:47Z 8.95,255

43.688473,-79.361732,2016-06-04T23:31:49Z 12.33,90

43.7395456341,-79.3537991103,2016-07-17T00:06:00Z 12.2,324

43.240894,-79.734104,2016-07-02T15:33:25Z 20.63,284

43.617859,-79.484401,2017-04-23T17:48:57Z 14.02,209

43.468976,-80.539712,2016-09-18T02:12:55Z 10.99,165

43.721688,-79.349467,2017-02-23T15:20:49Z 22.88,277

43.637573,-79.459051,2016-06-04T22:13:50Z 13.86,82

43.639937,-79.380189,2017-04-23T20:45:44Z 9.5,253

43.4669302125,-80.6651247293,2016-09-24T15:53:33Z 6.2,92

43.718747,-79.352904,2017-04-23T15:28:33Z 9.58,214

43.23185,-79.692791,2016-07-02T15:40:27Z 20.68,283

43.633853,-79.43811,2016-07-16T21:37:05Z 4.31,123

43.631477,-79.471766,2016-07-16T21:43:37Z 4.33,127

43.095536,-79.067052,2016-07-02T22:41:54Z 13.23,255

43.7185302,-79.3525836,2017-04-23T15:28:36Z 9.58,214

43.6355851167,-79.4422215167,2016-06-04T22:48:21Z 14.55,80

43.5911626741,-79.5194504131,2017-04-23T18:19:52Z 18.25,192

43.46583,-80.61067,2016-09-24T16:08:31Z 3.7,99

43.443746,-79.669396,2016-07-02T13:27:28Z 17.69,291

43.467789,-80.565642,2016-09-24T16:29:48Z 3.78,98

43.6302847881,-79.4264997169,2017-04-23T20:31:59Z 8.47,258

43.454124,-80.597341,2016-09-24T16:18:25Z 3.75,99

43.472114,-80.630569,2016-09-24T16:01:28Z 3.67,99

43.637902,-79.453876,2017-04-23T17:39:17Z 14.44,202

43.642022,-79.374301,2017-04-23T20:47:24Z 9.22,254

43.7439428922,-79.3529893365,2016-06-04T20:56:44Z 14.08,102

43.637573,-79.459051,2016-07-02T11:33:27Z 18.11,285

43.691295,-79.359735,2016-07-16T20:47:17Z 6.57,140

43.7273716182,-79.3553153146,2016-06-05T00:12:35Z 6.39,29

43.683419,-79.400351,2016-07-02T11:03:06Z 17.9,282

43.7045154,-79.4084836446,2016-07-02T10:56:35Z 13.04,257

43.728663,-79.350016,2016-07-16T20:23:20Z 5.73,144

43.473776551,-80.6195533276,2016-09-24T15:02:13Z 6.24,92

43.713077,-79.339498,2016-06-26T16:15:44Z 21.6,201

43.641904,-79.374451,2017-04-23T20:47:20Z 9.24,254

43.748319,-79.383305,2017-04-23T15:12:59Z 9.75,217

43.634451,-79.408228,2016-06-04T22:56:57Z 16.61,77

43.720732,-79.354638,2017-02-23T15:24:28Z 22.95,277

43.643935,-79.368955,2016-07-16T21:21:46Z 4.88,119

43.702967,-79.335117,2016-06-26T15:04:01Z 22.39,199

43.7185302,-79.3525836,2016-07-16T20:32:22Z 5.84,143

43.6346745267,-79.4677078163,2017-04-23T20:22:16Z 7.16,272

43.6521187086,-79.3488841707,2016-07-16T23:26:58Z 1.87,109

43.748319,-79.383305,2016-06-04T20:49:27Z 14.1,103

43.643935,-79.368955,2017-04-23T17:20:05Z 16.09,189

43.64796829,-79.35490305,2016-07-16T21:07:06Z 4.86,120

43.718713,-79.350697,2016-07-16T20:31:50Z 6.21,142

43.643624,-79.369572,2016-06-04T21:55:37Z 14.53,76

43.6355851167,-79.4422215167,2016-07-16T22:52:17Z 4.47,100

43.7236674875,-79.3621996231,2017-02-23T15:38:09Z 22.98,277

43.089633,-79.072233,2016-07-02T21:03:23Z 15.74,262

43.718713,-79.350697,2016-06-26T14:56:16Z 19.28,195

43.6756608496,-79.3627726101,2016-07-16T23:35:04Z 1.56,118

43.47372,-80.531964,2016-09-28T21:05:40Z 24.57,71

43.694672,-79.357256,2016-06-26T15:08:48Z 22.26,199

43.6223859833,-79.4793547333,2017-04-23T20:17:43Z 7.02,273

43.665888,-79.393326,2016-07-02T11:07:46Z 17.73,284

43.733557,-79.354138,2017-02-23T15:09:11Z 22.76,276

43.726961,-79.350923,2017-04-23T15:26:13Z 9.56,215

43.727624,-79.341557,2016-07-17T00:00:14Z 13.13,323

43.6736179702,-79.3638348487,2017-04-23T21:17:19Z 4.97,314

43.718738,-79.350619,2017-02-23T15:22:41Z 22.93,277

43.751357,-79.370705,2016-07-16T20:14:24Z 5.5,147

43.520132,-79.611781,2016-07-02T12:58:57Z 18.76,296

43.751357,-79.370705,2016-06-04T20:51:50Z 14.13,103

43.718713,-79.350697,2017-04-23T15:28:08Z 9.58,214

43.635772,-79.398113,2016-07-16T23:02:52Z 1.69,77

43.465474,-80.572158,2016-09-24T16:28:05Z 3.77,98

43.6376006808,-79.4587731455,2016-06-04T22:45:00Z 13.86,82

43.634291,-79.401657,2016-06-04T22:02:57Z 17.06,76

43.694672,-79.357256,2016-06-04T21:14:52Z 13.07,81

43.713077,-79.339498,2017-04-23T21:37:56Z 4.89,312

43.634026,-79.43841,2017-04-23T17:36:28Z 14.95,198

43.702967,-79.335117,2017-04-23T15:36:05Z 9.62,211

43.6686925124,-79.394309856,2016-07-02T11:07:04Z 17.77,284

43.692714,-79.401188,2016-07-02T10:59:44Z 12.84,255

43.617859,-79.484401,2016-07-02T11:40:42Z 18.27,284

43.698447,-79.34997,2016-06-26T16:08:33Z 21.44,200

43.6521187086,-79.3488841707,2016-06-04T23:19:54Z 12.87,86

43.216317,-79.211507,2016-07-02T18:45:26Z 21.63,279

43.6864225846,-79.401541343,2016-07-02T11:02:19Z 17.93,282

43.6475041,-79.3610667,2016-07-16T21:08:44Z 4.86,120

43.720732,-79.354638,2017-04-23T21:44:36Z 5.05,313

43.6881573033,-79.3618464936,2017-04-23T21:23:33Z 5.02,314

43.653768,-79.351199,2016-06-26T15:52:48Z 21.5,197

43.158071,-79.050764,2016-07-02T20:21:00Z 18.65,264

43.556138,-79.580734,2017-04-23T19:34:28Z 12.3,204

43.783601,-79.407792,2017-02-23T14:14:21Z 25.4,264

43.748319,-79.383305,2016-07-16T20:12:28Z 5.57,147

43.6665092362,-79.3575296459,2017-04-23T21:14:57Z 4.38,311

43.643624,-79.369572,2017-04-23T17:20:16Z 16.13,189

43.751479,-79.359713,2016-06-26T14:44:49Z 20.1,194

43.4352401644,-79.679461699,2016-07-02T13:30:17Z 17.67,291

43.725726,-79.363951,2016-06-26T16:43:27Z 21.82,200

43.585983,-79.544745,2016-07-02T12:13:40Z 19.84,300

43.633853,-79.43811,2017-04-23T17:36:23Z 14.95,198

43.474,-80.54643,2016-09-18T02:10:02Z 11.01,166

43.636819,-79.395931,2016-06-04T22:59:59Z 17.09,76

43.5924543,-79.54240591,2017-04-23T19:48:27Z 12.3,206

43.635772,-79.398113,2016-06-04T22:59:23Z 17.11,76

43.718665,-79.35285,2016-06-26T14:56:51Z 19.47,194

43.641904,-79.374451,2016-07-16T23:18:36Z 1.64,83

43.631477,-79.471766,2016-06-04T22:16:40Z 13.5,83

43.715421,-79.344749,2017-04-23T15:30:27Z 9.58,213

43.654797,-79.351237,2016-06-04T23:20:39Z 12.84,87

43.6877620143,-79.3620130379,2016-07-16T20:48:55Z 6.61,139

43.641904,-79.374451,2016-06-04T23:05:22Z 13.66,81

43.748319,-79.383305,2016-06-26T14:40:48Z 20.02,194

43.6576946173,-79.354419373,2016-06-26T15:53:54Z 21.57,197

43.694672,-79.357256,2017-04-23T15:41:30Z 9.74,208

43.4737339709,-80.6196047924,2016-09-24T16:04:19Z 3.69,99

43.2968030591,-79.7938086279,2016-07-02T15:08:46Z 20.7,290

43.706833,-79.33655,2016-06-04T23:43:15Z 12.09,93

40.577279,-74.179223,2017-06-04T18:52:09Z 17.08,159

43.720303,-79.358751,2017-04-23T21:45:35Z 5.1,314

43.3894666,-79.7157672,2016-07-02T14:11:38Z 19.62,288

43.252913,-79.099268,2016-07-02T19:16:50Z 22.13,272

43.720732,-79.354638,2016-06-26T16:20:10Z 21.74,200

43.7136475928,-79.3396883458,2016-07-16T23:51:57Z 1.85,133

43.180705,-79.306632,2016-07-02T17:58:46Z 20.45,278

43.46053,-80.706619,2016-09-24T15:43:28Z 6.16,93

43.234635,-79.060846,2016-07-02T19:35:35Z 22.14,271

43.789756,-79.389856,2017-02-23T14:22:36Z 25.28,264

43.3883406501,-79.7163813841,2016-07-02T14:11:57Z 19.62,288

43.691295,-79.359735,2016-06-04T21:15:49Z 13.13,81

43.720303,-79.358751,2017-02-23T15:25:31Z 23,277

43.635772,-79.398113,2017-04-23T20:40:02Z 9.62,252

43.66717415,-79.35734465,2016-07-16T20:57:41Z 6.44,139

43.149643,-79.045845,2016-07-02T20:23:31Z 18.78,263

43.358992,-79.746549,2016-07-02T14:21:43Z 19.07,287

43.5786773167,-79.5563680667,2017-04-23T19:43:16Z 12.28,206

43.734558,-79.354367,2017-04-23T15:23:49Z 9.54,217

43.688473,-79.361732,2017-04-23T21:23:49Z 5.02,314

43.6514027,-79.3484839,2017-04-23T16:22:50Z 15.48,189

43.698447,-79.34997,2016-06-04T23:36:09Z 12.18,92

43.630312,-79.419825,2016-07-02T11:25:45Z 17.62,287

43.454502,-80.584296,2016-09-24T16:23:33Z 3.77,99

43.64796829,-79.35490305,2017-04-23T16:25:28Z 16.16,187

43.688271,-79.362247,2016-07-16T20:48:31Z 6.61,139

43.715421,-79.344749,2016-07-16T20:34:37Z 6.23,142

43.631955,-79.4344,2016-06-04T22:50:17Z 15.03,79

43.637902,-79.453876,2016-07-02T11:32:30Z 18.04,285

43.653877,-79.350726,2016-07-16T23:27:29Z 1.87,109

43.631477,-79.471766,2017-04-23T17:43:22Z 14.15,207

43.633853,-79.43811,2016-06-04T22:10:19Z 14.79,80

43.7053156458,-79.33474998,2016-06-04T23:42:20Z 12.09,92

43.707131,-79.336947,2016-06-04T23:43:20Z 12.09,93

43.161385,-79.049865,2016-07-02T20:18:40Z 18.62,265

43.600098,-79.498703,2016-07-02T12:02:27Z 19.52,299

43.432651,-79.682367,2016-07-02T13:31:04Z 17.65,291

43.63798,-79.457269,2016-06-04T22:45:20Z 13.9,82

43.6514027,-79.3484839,2016-07-16T21:03:27Z 4.86,121

40.577279,-74.179223,2017-06-04T19:27:35Z 8.45,146

43.691295,-79.359735,2016-06-26T15:09:42Z 22.19,199

43.630312,-79.419825,2016-06-04T22:06:58Z 16.03,78

43.66717415,-79.35734465,2016-06-26T15:21:29Z 21.47,198

43.162744,-79.056452,2016-07-02T20:15:29Z 18.56,265

43.6566189677,-79.35363709,2016-06-26T15:53:41Z 21.55,197

43.720732,-79.354638,2016-06-04T23:51:04Z 11.94,96

43.716447,-79.349497,2016-06-04T21:04:30Z 12.75,83

43.6377805003,-79.452797989,2016-06-04T22:46:15Z 14.07,81

43.688358,-79.36179,2016-07-16T23:39:45Z 1.75,123

43.265106,-79.771247,2016-07-02T15:22:43Z 20.21,288

43.781734,-79.415404,2017-02-23T14:11:33Z 25.44,264

43.160162,-79.0497,2016-07-02T20:19:41Z 18.64,264

43.161047,-79.055104,2016-07-02T20:16:34Z 18.59,265

43.75332,-79.403607,2017-04-23T15:07:53Z 9.72,218

43.635221,-79.440978,2016-06-04T22:48:37Z 14.61,80

43.485993,-79.624931,2016-07-02T13:14:58Z 17.62,292

43.718306,-79.35246,2016-06-04T21:03:40Z 12.73,83

43.7616324913,-79.3502327072,2016-07-17T00:14:25Z 12.07,323

43.629934,-79.42609,2016-07-16T21:34:44Z 4.36,121

43.688358,-79.36179,2016-06-04T23:31:47Z 12.33,90

43.598256,-79.516611,2017-04-23T19:53:33Z 12.62,202

43.642022,-79.374301,2016-06-04T23:05:24Z 13.65,81

43.635221,-79.440978,2017-04-23T20:28:17Z 7.77,263

43.610815,-79.487256,2016-06-04T22:34:25Z 13.05,84

43.725726,-79.363951,2017-04-23T22:11:00Z 8.34,342

43.4712499939,-80.6166314799,2016-09-24T15:00:40Z 6.26,92

43.576313,-79.554369,2016-07-02T12:18:55Z 19.67,299

43.730937,-79.352317,2016-07-17T00:02:52Z 12.23,324

43.622414,-79.478949,2016-07-16T22:42:40Z 4.09,109

43.6439561751,-79.3688428681,2016-06-04T23:06:36Z 13.58,83

43.259722,-79.7659,2016-07-02T15:24:09Z 20.2,288

43.634364,-79.400793,2016-07-16T21:29:08Z 4.62,119

43.713077,-79.339498,2016-06-04T23:45:45Z 12.09,93

43.747194,-79.391819,2016-06-05T00:28:22 8.22,99

43.630312,-79.419825,2016-07-16T21:33:46Z 4.6,121

43.718665,-79.35285,2016-06-04T21:03:35Z 12.62,84

43.637573,-79.459051,2017-04-23T17:40:11Z 14.34,204

43.639937,-79.380189,2016-07-16T23:08:28Z 1.69,79

43.748064,-79.383895,2016-06-26T14:40:43Z 20.02,194

43.6475041,-79.3610667,2017-04-23T16:26:55Z 16.53,186

43.589699,-79.545687,2017-04-23T19:46:38Z 12.3,206

43.637902,-79.453876,2016-07-16T21:39:41Z 4.3,126

43.637573,-79.459051,2016-07-16T21:40:34Z 4.3,126

43.718747,-79.352904,2016-06-04T21:03:34Z 12.62,84

43.748589,-79.383017,2016-07-16T20:12:31Z 5.55,147

43.77174,-79.364095,2016-07-17T00:21:12Z 12.47,323

43.751479,-79.359713,2016-07-16T20:16:20Z 5.49,147

43.453886,-80.753104,2016-09-24T15:32:27Z 6.12,93

43.6377805003,-79.452797989,2016-07-16T22:50:10Z 4.3,103

43.215715,-79.213587,2016-07-02T18:45:00Z 21.61,278

43.472101,-80.553415,2016-09-24T16:32:31Z 3.73,97

43.702967,-79.335117,2016-06-04T21:10:26Z 12.89,82

43.6881573033,-79.3618464936,2016-07-16T23:39:28Z 1.75,123

43.6576946173,-79.354419373,2016-07-16T23:28:32Z 1.87,111

43.712081,-79.339059,2017-04-23T15:32:00Z 9.59,213

43.715421,-79.344749,2016-06-04T21:05:20Z 12.75,83

43.106324,-79.060572,2016-07-02T20:56:23Z 19.23,262

43.7236674875,-79.3621996231,2016-06-05T00:07:55Z 6.42,29

43.7185302,-79.3525836,2016-06-26T14:56:54Z 19.47,194

43.634026,-79.43841,2016-06-04T22:10:23Z 14.76,80

43.192218,-79.521803,2016-07-02T16:59:27Z 20.2,284

43.467627,-80.566494,2016-09-24T14:30:30Z 8.01,45

43.74480539,-79.3999860808,2016-07-02T10:40:39Z 13.37,262

43.734558,-79.354367,2016-06-04T20:59:25Z 14.03,101

43.655138,-79.353359,2017-04-23T21:11:32Z 4.33,311

43.6024247833,-79.4980379667,2017-04-23T19:57:50Z 12.78,202

43.593207,-79.538789,2017-04-23T19:49:11Z 12.31,206

43.734448,-79.354354,2016-07-16T20:21:44Z 5.66,145

43.688473,-79.361732,2016-06-26T16:03:46Z 21.34,200

43.668496,-79.394109,2016-07-02T11:07:06Z 17.77,284

43.6322512245,-79.4107533061,2016-07-16T21:32:02Z 4.62,120

43.632342,-79.410612,2016-06-04T22:55:49Z 16.59,77

43.629934,-79.42609,2017-04-23T17:33:46Z 15.47,193

43.323885,-79.79702,2016-07-02T14:33:53Z 18.64,285

43.7185302,-79.3525836,2016-06-04T21:03:37Z 12.62,84

43.636925,-79.446197,2016-07-16T22:51:27Z 4.39,101

43.718996,-79.3528,2016-06-26T14:56:43Z 19.49,194

43.5952215,-79.5299618,2017-04-23T19:51:06Z 12.36,206

43.252549,-79.067225,2016-07-02T19:30:10Z 22.26,271

43.359676,-79.745542,2016-07-02T14:21:29Z 19.07,287

43.7711901401,-79.3625966185,2017-02-23T14:44:08Z 25.44,261

43.641952,-79.374761,2016-07-16T21:23:05Z 4.57,119

43.743914,-79.4077,2016-07-02T10:42:25Z 13.41,262

43.703034,-79.33368,2016-06-26T16:11:52Z 21.48,200

43.715606,-79.345356,2016-06-04T21:05:14Z 12.75,83

43.610815,-79.487256,2017-04-23T20:01:43Z 6.89,273

43.6475041,-79.3610667,2016-06-04T21:39:51Z 14.24,77

43.186888,-79.38262,2016-07-02T17:25:02Z 18.51,293

43.643624,-79.369572,2016-07-16T21:21:54Z 4.88,119

43.715421,-79.344749,2016-06-26T14:58:49Z 19.23,195

43.389031,-79.716022,2016-07-02T14:11:46Z 19.62,288

43.662873,-79.393038,2016-07-02T11:08:27Z 17.7,284

43.634026,-79.43841,2016-07-16T21:37:09Z 4.31,123

43.786677,-79.377101,2017-02-23T14:28:27Z 25.25,264

43.6514027,-79.3484839,2016-06-26T15:25:59Z 21.48,197

43.748064,-79.383895,2016-07-16T20:12:24Z 5.57,147

43.170137,-79.057777,2016-07-02T20:12:47Z 18.48,266

43.161056,-79.055467,2016-07-02T20:16:22Z 18.59,265

43.6298827261,-79.4248215379,2016-07-16T22:55:56Z 4.91,93

43.4620871484,-80.5813649244,2016-09-24T14:33:42Z 7.92,46

43.665072,-79.357092,2016-06-04T21:27:01Z 13.5,80

43.460142,-80.709563,2016-09-24T15:42:47Z 6.15,93

43.629934,-79.42609,2016-07-02T11:26:59Z 17.7,288

43.636819,-79.395931,2017-04-23T20:40:35Z 9.61,252

43.698447,-79.34997,2017-04-23T21:28:03Z 4.96,313

43.733557,-79.354138,2016-07-16T20:22:01Z 5.68,145

43.716447,-79.349497,2017-04-23T15:29:37Z 9.58,213

43.63798,-79.457269,2017-04-23T20:24:33Z 7.34,270

43.585983,-79.544745,2017-04-23T18:27:08Z 17.33,195

43.462188,-80.580901,2016-09-24T16:26:13Z 3.77,99

43.753632,-79.355834,2017-04-23T15:18:26Z 9.48,216

43.553429,-79.583595,2017-04-23T19:14:43Z 12.3,204

43.629934,-79.42609,2016-06-04T22:07:59Z 15.59,78

43.708299,-79.336861,2016-06-04T23:43:54Z 12.09,93

43.474,-80.54643,2016-09-18T02:15:25Z 11.01,166

43.712081,-79.339059,2016-06-26T15:00:13Z 22.56,199

43.4492333326,-80.5873383209,2016-09-24T16:21:52Z 3.77,99

43.069315,-79.068399,2016-07-02T22:32:04Z 13.18,255

43.470768,-80.53847,2016-09-18T02:13:27Z 10.99,165

43.6756608496,-79.3627726101,2016-06-04T23:27:12Z 12.23,89

43.6576946173,-79.354419373,2016-06-04T23:21:32Z 12.81,87

43.634581,-79.408748,2016-06-04T22:56:50Z 16.56,77

43.665072,-79.357092,2017-04-23T16:15:07Z 14.53,192

43.748064,-79.383895,2016-06-04T20:49:21Z 14.1,103

43.61073,-79.490172,2017-04-23T18:07:44Z 18.83,190

43.6346010073,-79.4005500153,2016-07-16T21:29:00Z 4.62,119

43.725726,-79.363951,2017-02-23T15:50:09Z 22.97,277

43.6376006808,-79.4587731455,2016-07-16T22:48:59Z 4.23,105

43.634364,-79.400793,2017-04-23T17:28:25Z 16.56,186

43.687587,-79.363546,2017-04-23T16:03:03Z 11.6,202

43.659467,-79.39045,2016-07-02T11:09:28Z 17.67,285

43.75332,-79.403607,2016-06-26T14:36:27Z 20.08,195

43.718996,-79.3528,2017-04-23T15:28:30Z 9.58,214

43.540165,-79.598103,2016-07-02T12:36:50Z 19.15,297

43.600847,-79.504968,2017-04-23T19:56:06Z 12.71,202

